Rank,Track ID
1,0sf12qNH5qcw8qpgymFOqD
2,0JyOOPqNSdhIC7VrxrRNGt
3,1rgnBhdG2JDFTbYkYRZAku
4,6HJasLoTKvxglAMQH8nPcD
5,0peCogN4G8UuuhSB9jPUnN
6,41L3O37CECZt3N7ziG2z7l
7,3ySRhREV5ceozxdk0lPqIe
8,684jrXb96qFbfvBFkLJ08d
9,6mDcLPGVCmdhMN4gBzNb7s
10,7qEHsqek33rTcFNT9PFqLf
11,71q2qYTo4BzqNGpy5S7vV3
12,2b8fOow8UzyDFAE27YhOZM
13,3ZCTVFBt2Brf31RLEnCkWJ
14,4TnjEaWOeW0eKTKIEvJyCa
15,3rUb2v8JnqDwcQ3v3Yr057
16,4LZi20EAgNBhTR3OBWLzdr
17,696DnlkuDOXcMAnKlTgXXK
18,1ett0ayp7e0sad3oWQtJPQ
19,3G69nPByVZKPtgsesLKbx4
20,5HsBJenkDnrzim7o7uKwQq
21,2Fxmhks0bxGSBdJ92vM42m
22,21jGcNKet2qwijlDFuPiPb
23,6WrI0LAC5M1Rw2MnX2ZvEg
24,4URUc2gf1k0kjf7g7EsZV5
25,2gMXnyrvIjhVBUZwvLZDMP
26,0bMbDctzMmTyK2j74j3nF3
27,2W9WzW1Ot0YrWpJwWoRRVO
28,4poybupy26pTWPr9zY1i7h
29,1vmQXaFNMnSEBLTobPwME5
30,3xkGJKpWrn1n6Bk2m84bJP
31,5QrUrRVyvzJSzxiJoiFa9w
32,0nbXyq5TXYPCO7pr3N8S4I
33,0rBj6lYQUMHwTJ33sdj6Qz
34,3YCAQEpuFtgVVhEDJsW3gQ
35,3yOlyBJuViE2YSGn3nVE1K
36,0OrDyYAXLoinmrMqyWZ0sn
37,3jjujdWJ72nww5eGnfs2E7
38,6v3KW9xbzN5yKLt9YKDYA2
39,6TfeXwJihJRuBW3mFpib6J
40,1yXRbopf6xxpwmbPfolBQo
41,1HfMVBKM75vxSfsQ5VefZ5
42,2VxeLyX666F8uXCJ0dZF8B
43,33pcmSPeqpP7EjUOBd2dZM
44,6fulMfMC4B5S52YaAhdnmF
45,39YxFKLZ1xbu1f9gQiwkFz
46,0hVXuCcriWRGvwMV1r5Yn9
47,4zKYAowoRnZNgL3kWVlXn4
48,2x0RZdkZcD8QRI53XT4GI5
49,5MwNk30sG4xRpsDdUgUwC2
50,70eFcWOvlMObDhURTqT4Fv
51,7vgv8KZBSo0TPzyIWG9yzV
52,2kJwzbxV2ppxnQoYw4GLBZ
53,2tnVG71enUj33Ic2nFN6kZ
54,3eekarcy7kvN4yt5ZFzltW
55,7FemQvLSKHlBYsIM3PoCs8
56,6ZFe0Rzy31duWc50Ivk4lJ
57,43zdsphuZLzwA9k4DJhU0I
58,0ntVXbLbKbgCesFWS6qRet
59,00b9utayyiUwzCkXLWSf8f
60,57vxBYXtHMk6H1aD29V7PU
61,24Yi9hE78yPEbZ4kxyoXAI
62,3TKpJrY9q49Mj1JOsM9zGL
63,7N06jo3EnV792VFaG8vuW6
64,5RbbypMC1xhw1Kqdmu5uDd
65,492z4HhkIEmaKS7lbXzeDK
66,6h7wHyRKmQgT9COCR2TGu2
67,4Of7rzpRpV1mWRbhp5rAqG
68,74TEgDsFaq0zMttq1dVuYK
69,2AfIH7lNuwcbKBBfZH3ks5
70,0hW2Uudw7HmicjSKtmqKss
71,6oJ6le65B3SEqPwMRNXWjY
72,6Pgkp4qUoTmJIPn7ReaGxL
73,7aiClxsDWFRQ0Kzk5KI5ku
74,6UelLqGlWMcVH1E5c4H7lY
75,6cy3ki60hLwimwIje7tALf
76,1ryW1LqC5VMFJFXd4wIrpf
77,7Jtmca0gCNHj9OIvv6N1y3
78,1rvQJUktrzdBlMahF8NBfZ
79,7CYKovD8hNKg0w902IASMi
80,285pBltuF7vW8TeWk8hdRR
81,3MZp8Ilx8eW2wSujWn3LnG
82,0N7kxmu1jOkEE8mmQNl1cE
83,1ZMiCix7XSAbfAJlEZWMCp
84,0RiRZpuVRbi7oqRdSMwhQY
85,4GK4mydvnsodLEHWb4zJV4
86,2eGPPxqTf4IxXZJ0opXNOy
87,4QPEwDdOMhY7rNS05mTyMR
88,2kju4JyRnNmiwQYhFrLgKy
89,7gt0BOQGPSst4wY6BQoH6u
90,0u2P5u6lvoDfwTYjAADbn4
91,2AGky5Dkne7FFoqkwer1HX
92,7eXmd9KhEpsvATd568suYZ
93,3VyjsVV24RmBIbWJAeUJNu
94,4h8VwCb1MTGoLKueQ1WgbD
95,20OBnqjM7gct8wMqyhaObY
96,2rbDhOo9Fh61Bbu23T2qCk
97,1iSqfoUFnQwV0QW1EfUit8
98,1vyWquflaiRZNvmDMAXedU
99,3YHHiktpaEShl6v22bOpzo
100,6Gg1gjgKi2AK4e0qzsR7sd
101,6yMlFbOT0gNy7Qlsrn2jD7
102,7MUUzpdrSa8UUEpyS1dGUq
103,5qrSlOut2rNAWv3ubArkNy
104,0pHeYnigEgjN0vbQhUwXqd
105,10ylH6P7Lk02UVQbHSLSuJ
106,25sgk305KZfyuqVBQIahim
107,6uYSfre2oDrvGBAWEcnr51
108,1xNfDze1BZay8BHo5eA4vo
109,4Cgedth1L3nBdVLU5Z42m1
110,0IiWe6NRNBB7QbrCcgUCZX
111,12qTfrg0Wp6zSnawQxaL4q
112,17XU1PTSv4OfcBUE8rNYWm
113,7CHi4DtfK4heMlQaudCuHK
114,1aEU7mcRDTYBB4ASpqbjYE
115,5a6pdCHlWS2ekOOQ70QnAr
116,4Yxc55NX3tAXC2mHRAhtcW
117,4SSnFejRGlZikf02HLewEF
118,2B3WqjX1Z5jOS2a1dxanVM
119,5hJ3tz6PVAEvPtu6NJbmC3
120,7B0A4QjONMPH1sbRMyii5n
121,36zEgZRE7A7i5bnJoiyF4h
122,0YYML6v5bQ1sN5FBHBtuur
123,3JSoS26Tr86KG9xV8PHExJ
124,6LcauUZjF1eXQrgqMUecHX
125,2DWQbOtXzKN6GHrtCPyZFY
126,1AfSccccjs0qPxCeuKAbEr
127,6b2RcmUt1g9N9mQ3CbjX2Y
128,2uIX8YMNjGMD7441kqyyNU
129,5WHTFyqSii0lmT9R21abT8
130,2OQgPPnwvacwYPs4CwRKjK
131,3QzAOrNlsabgbMwlZt7TAY
132,6Ozh9Ok6h4Oi1wUSLtBseN
133,2YpeDb67231RjR0MgVLzsG
134,0USd9iNkH6hC3sGW6ZUB3s
135,2ijMtHHR50h8M951kZvYkR
136,1I7arMzqZe0nxd9TfkG0Dt
137,7qA8S7mbV9uPy9rFprdN3C
138,1V1PZd7RMzMSX9Og6wznnz
139,2zJms5D9VSUYjc9y3VJR3q
140,1yfyIdEw5U2bD5I6gxQCxW
141,2qKtQuFukH2d0m3FNROcqH
142,7bWxEJjDCSTkjTzJMZ6VKL
143,4yxr3khkHJypQDArNlVbjZ
144,6u0L0dqNEwuB18oHbAUn9Q
145,3xY2iyO2p65Z7j8Sck1CiY
146,4iRBwAfhRmYi39lCkTRaqZ
147,7xQAfvXzm3AkraOtGPWIZg
148,14sOS5L36385FJ3OL8hew4
149,6ocbgoVGwYJhOv1GgI9NsF
150,23MBpKcMc36cy26jjehN5A
151,4sJv3bJcuYimBiRJMGOWPp
152,12cqy08ToKVuqNfYtdSMty
153,5wHlxItO473Q4D3sQ8hPPQ
154,1ZdxC3zKhv7A8W0QOhcaAy
155,2jPCvYRyIXQf2if8CTyabC
156,3Hj37eJtDqE7PJwwW0opcK
157,6vBdBCoOhKHiYDDOcorfNo
158,1lOe9qE0vR9zwWQAOk6CoO
159,2wrJq5XKLnmhRXHIAf9xBa
160,1rqqCSm0Qe4I9rUvWncaom
161,4vUmTMuQqjdnvlZmAH61Qk
162,4HBvwhhYo7YiYXkUDrOHzS
163,395KzBy0bkb57dEvg6cfzJ
164,2Aomjzc0qNjk4uc3JYGxgc
165,6pZ0SYyEucIL1Owps4ZtCW
166,5F2yyl4knY893SQPVNEBQG
167,53T4MpkaHLd3oYK5PC5YH2
168,2yNfaW5s5EXJDcKZWOjuzq
169,41NJjQ4MoYeJoTwurM6Iiz
170,5XBeeimSPBF6Hh3NuQnIEp
171,5uCax9HTNlzGybIStD3vDh
172,0qKnXmGHQ553tGX7CqxaO0
173,4jp4Z02kzzg8gK0NmDGgml
174,5xQ1yxKzTuPcSNO9FP0lNS
175,4jAIqgrPjKLTY9Gbez25Qb
176,7h0d2h0fUmzbs7zeFigJPn
177,6kIdjk3D8XxA2UafE0THGK
178,58wyJLv6yH1La9NIZPl3ne
179,1YbaFnkfGG6kafOIeYJcZ6
180,6ZYS6QQxTLsQ6IFXdVx1r4
181,7hABeS4cWgDLY8ThqmcEkk
182,5DqdesEfbRyOlSS3Tf6c29
183,2jyjhRf6DVbMPU5zxagN2h
184,6kls8cSlUyHW2BUOkDJIZE
185,7dagzRIC16qXsu7yYOk44U
186,3Ka3mzikXIm938989NZRA7
187,4bHsxqR3GMrXTxEPLuK5ue
188,02kcwD0i9br0GtcFjW5dxE
189,5gA0VPRSWB8QiDJmM5VDZd
190,0vrmHPfoBadXVr2n0m1aqZ
191,2W4yABdLc4Jnds67Poi5Nl
192,7sMlXDpJK2zqJXorvejqTl
193,2Rpy3YXrbT8bBwekhXg6C6
194,0pGX4KgirIW7JAHh93rzPU
195,2Lv9FudgITbthtKK1B5wxY
196,2Ec33AVlkTTq8BHFgBTdQs
197,4j2gmxXXeXwUHMXsdMPtVc
198,6Hj9jySrnFppAI0sEMCZpJ
199,2b2S8P5rezVZNPYxFWwJhi
200,7k4t7uLgtOxPwTpFmtJNTY
